#Put Keywords Here, check Charge and Multiplicity.

 ethanol.gzmat

0  1
C
C  1  r2
O  2  r3  1  a3
H  3  r4  2  a4  1  d4
H  1  r5  2  a5  3  d5
H  1  r6  2  a6  3  d6
H  1  r7  2  a7  3  d7
H  2  r8  1  a8  3  d8
H  2  r9  1  a9  3  d9
Variables:
r4= 0.937041370556
r5= 1.11204705973
r6= 1.02443453638
r7= 1.07229540862
d8= 123.969428327
r2= 1.44480086895
r3= 1.40468824218
d9= 227.843412651
r8= 1.04905699834
r9= 1.10689737724
a9= 114.802184493
a3= 104.083139615
a5= 110.861610608
a4= 110.166765645
a7= 107.87974958
a6= 108.154229635
d6= 297.333393716
d7= 63.1493495005
d4= 181.134573327
d5= 185.66117787
a8= 110.825459429
