#Put Keywords Here, check Charge and Multiplicity.

 ethanol.gzmat

0  1
C
C  1  r2
O  2  r3  1  a3
H  3  r4  2  a4  1  d4
H  1  r5  2  a5  3  d5
H  1  r6  2  a6  3  d6
H  1  r7  2  a7  3  d7
H  2  r8  1  a8  3  d8
H  2  r9  1  a9  3  d9
Variables:
r4= 0.937041370556
r5= 1.11204705973
r6= 1.04616784514
r7= 1.12532843457
d8= 123.969428327
r2= 1.44480086895
r3= 1.35134485515
d9= 223.307003762
r8= 1.09149546102
r9= 1.10689737724
a9= 117.145764214
a3= 103.155747699
a5= 110.861610608
a4= 110.166765645
a7= 107.87974958
a6= 105.746944439
d6= 300.39
d7= 59.6412104466
d4= 181.134573327
d5= 186.508451944
a8= 109.044124853
