#Put Keywords Here, check Charge and Multiplicity.

 ethanol.gzmat

0  1
C
C  1  r2
O  2  r3  1  a3
H  3  r4  2  a4  1  d4
H  1  r5  2  a5  3  d5
H  1  r6  2  a6  3  d6
H  1  r7  2  a7  3  d7
H  2  r8  1  a8  3  d8
H  2  r9  1  a9  3  d9
Variables:
r4= 0.958401125032
r5= 1.07184111974
r6= 1.02443453638
r7= 1.0921476934
d8= 122.024368247
r2= 1.41181845955
r3= 1.35962614625
d9= 227.843412651
r8= 1.04905699834
r9= 1.10689737724
a9= 112.396683754
a3= 106.057667664
a5= 110.391323057
a4= 114.92425264
a7= 107.87974958
a6= 120.315469637
d6= 313.938317487
d7= 65.3038527974
d4= 179.708175233
d5= 186.741452897
a8= 110.825459429
