#Put Keywords Here, check Charge and Multiplicity.

 ethanol.gzmat

0  1
C
C  1  r2
O  2  r3  1  a3
H  3  r4  2  a4  1  d4
H  1  r5  2  a5  3  d5
H  1  r6  2  a6  3  d6
H  1  r7  2  a7  3  d7
H  2  r8  1  a8  3  d8
H  2  r9  1  a9  3  d9
Variables:
r4= 0.937041370556
r5= 1.09652823411
r6= 1.02443453638
r7= 1.0921476934
d8= 122.024368247
r2= 1.41181845955
r3= 1.40468824218
d9= 227.843412651
r8= 1.04905699834
r9= 1.10689737724
a9= 112.396683754
a3= 108.155230208
a5= 110.70457526
a4= 110.166765645
a7= 107.87974958
a6= 114.987867524
d6= 308.006813953
d7= 65.3038527974
d4= 179.708175233
d5= 191.865578549
a8= 110.825459429
