#Put Keywords Here, check Charge and Multiplicity.

 ethanol.gzmat

0  1
C
C  1  r2
O  2  r3  1  a3
H  3  r4  2  a4  1  d4
H  1  r5  2  a5  3  d5
H  1  r6  2  a6  3  d6
H  1  r7  2  a7  3  d7
H  2  r8  1  a8  3  d8
H  2  r9  1  a9  3  d9
Variables:
r4= 0.9742
r5= 1.0934
r6= 1.12839312247
r7= 1.1013064991
d8= 120.744204996
r2= 1.45274307408
r3= 1.39001951586
d9= 239.52
r8= 1.09149546102
r9= 1.06138523771
a9= 112.591369322
a3= 106.77
a5= 111.811665834
a4= 110.62
a7= 111.010670195
a6= 110.15
d6= 300.39
d7= 57.8440612177
d4= 179.97
d5= 179.97
a8= 110.42
