#Put Keywords Here, check Charge and Multiplicity.

 ethanol.gzmat

0  1
C
C  1  r2
O  2  r3  1  a3
H  3  r4  2  a4  1  d4
H  1  r5  2  a5  3  d5
H  1  r6  2  a6  3  d6
H  1  r7  2  a7  3  d7
H  2  r8  1  a8  3  d8
H  2  r9  1  a9  3  d9
Variables:
r4= 0.9742
r5= 1.09395803501
r6= 1.12178489123
r7= 1.12532843457
d8= 123.969428327
r2= 1.45274307408
r3= 1.33512173451
d9= 239.52
r8= 1.09149546102
r9= 1.06138523771
a9= 112.591369322
a3= 106.095048928
a5= 111.811665834
a4= 110.62
a7= 105.017038641
a6= 108.48881006
d6= 300.39
d7= 58.5253669795
d4= 175.541840047
d5= 186.111131417
a8= 110.42
